PSNR:[0.29413936 2.69155174 2.71683246 2.72538424 2.72773027 2.72784591
 2.72720337 2.72634149 2.72537172 2.72431463 2.72318989 2.72196561
 2.72062629 2.71916181 2.71755368 2.71578252 2.7138412  2.7117306
 2.70944804 2.70699859 2.70438582 2.70162135 2.69871175 2.69566268
 2.69247979 2.68915504 2.68568993 2.68208116 2.67833114 2.67444313
 2.67042071 2.66626656 2.66198367 2.65755028 2.65297145 2.64825612
 2.64341682 2.6384595  2.633394   2.62822926 2.62297183 2.61762619
 2.61220187 2.60670573 2.60114938 2.59554088 2.58988529 2.58418649
 2.57845163 2.57268429 2.56688833 2.56106526 2.55521894 2.54935265
 2.54347026 2.53757447 2.53166616 2.52574682 2.51982301 2.51387954
 2.50789464 2.50187397 2.49582022 2.48973235 2.483612   2.4774611
 2.47127891 2.46506602 2.45882124 2.45254636 2.44624019 2.43990466
 2.43354067 2.42714629 2.42072299 2.41427213 2.40779608 2.40129456
 2.39476755 2.38821521 2.38163754 2.37503394 2.36840397 2.36174822
 2.35506967 2.34836653 2.34164134 2.33489618 2.3281306  2.32134938
 2.3145546  2.30774611 2.30092689 2.29409665 2.28725865 2.28041485
 2.27356702 2.26671726 2.25986615 2.25301772 2.24617347]
Zero fill PSNR:0.29413936
