PSNR:[0.2941044  2.71217585 2.76040971 2.79257417 2.81879008 2.84308791
 2.86689848 2.89069176 2.91462958 2.93879867 2.96322912 2.98793852
 3.01289916 3.03809583 3.06351721 3.08915019 3.11498761 3.14101636
 3.16721737 3.19357276 3.22006077 3.24667275 3.27339888 3.30023021
 3.32714885 3.35415274 3.38123381 3.40838939 3.43561679 3.46291095
 3.49027067 3.51768941 3.54516834 3.57270658 3.60031247 3.62799168
 3.65574956 3.68359357 3.71152818 3.73955548 3.76767308 3.79588217
 3.82418275 3.85257602 3.88105512 3.90962213 3.93827647 3.96702021
 3.99585932 4.02480215 4.05385733 4.08302963 4.11231875 4.14172113
 4.17122841 4.20083195 4.23053324 4.26033735 4.29024994 4.32026148
 4.35035855 4.38052505 4.41074461 4.44100201 4.47128803 4.50158954
 4.53190088 4.5622167  4.59253252 4.62284148 4.6531415  4.68342692
 4.71369475 4.74394143 4.77416188 4.80435222 4.83450383 4.86461103
 4.89467084 4.92468089 4.95464057 4.98455375 5.01442015 5.04423738
 5.07400274 5.10372043 5.13338804 5.16305029 5.19274712 5.22248626
 5.2522707  5.28210342 5.31198919 5.34192801 5.37191331 5.40194571
 5.43201923 5.46213567 5.49229383 5.52249312 5.55273771]
Zero fill PSNR:0.2941044
