PSNR:[0.29413853 2.67899394 2.68949807 2.68043429 2.66377538 2.64398247
 2.62283832 2.60106772 2.57898718 2.55668551 2.53411859 2.51134455
 2.48840094 2.46531844 2.44211659 2.41881132 2.39541441 2.37193704
 2.3483862  2.32476965 2.30109304 2.27736101 2.25357801 2.22978681
 2.20600605 2.18223929 2.15848848 2.1347551  2.11104214 2.08735049
 2.06368282 2.04003975 2.01642439 1.99283704 1.9692792  1.94575131
 1.92225471 1.89879194 1.87536314 1.85196832 1.82860941 1.8052873
 1.7820029  1.75875634 1.73554912 1.71238095 1.68925315 1.66616514
 1.64311916 1.62011474 1.5971528  1.57423303 1.55135617 1.52852237
 1.50573343 1.48298636 1.46028429 1.43762603 1.41501397 1.39244527
 1.36992261 1.34744555 1.32501319 1.30262703 1.28028691 1.25799194
 1.23574331 1.21354021 1.19138397 1.16927348 1.14720933 1.12519145
 1.10322006 1.08129553 1.05941758 1.03758544 1.01579994 0.99406064
 0.97236797 0.95072202 0.92912227 0.9075696  0.88606313 0.86460315
 0.84318928 0.82182147 0.80050074 0.77922463 0.75799637 0.73681451
 0.71567647 0.69458544 0.67354046 0.65254129 0.63158788 0.61068136
 0.58981877 0.56900259 0.54823175 0.5275055  0.50682455]
Zero fill PSNR:0.29413853
