PSNR:[0.29410785 2.70647973 2.74560302 2.76781917 2.78404444 2.79826343
 2.81186312 2.82534152 2.83887506 2.8525269  2.86633074 2.88030893
 2.89446294 2.90878564 2.92327374 2.93793559 2.95276195 2.96775311
 2.98290581 2.99821317 3.01366478 3.02925825 3.04498792 3.0608514
 3.07684243 3.09295535 3.10918748 3.12553138 3.14198107 3.15853357
 3.17518413 3.19192976 3.20876569 3.22569013 3.24269921 3.25979143
 3.27696621 3.29421937 3.31155717 3.32899213 3.34652752 3.36416334
 3.38190109 3.39973956 3.41767699 3.43571544 3.45385313 3.47209066
 3.49042833 3.50886464 3.52740824 3.54607463 3.56486619 3.583785
 3.60283196 3.62200856 3.6413154  3.66075009 3.68031472 3.70000869
 3.71983349 3.73978943 3.759875   3.78009468 3.80044878 3.82093996
 3.84157032 3.86234164 3.88325602 3.90431166 3.92551214 3.94685715
 3.96834701 3.98998231 4.01176006 4.03368384 4.05575007 4.07796025
 4.10031259 4.12280798 4.14544731 4.16822821 4.19115037 4.21421498
 4.23742115 4.26076919 4.28425908 4.30789232 4.33166891 4.35558796
 4.37964529 4.40383315 4.42817062 4.45266157 4.47730839 4.50211227
 4.5270738  4.55219209 4.57746714 4.60289985 4.62848932]
Zero fill PSNR:0.29410785
